jL=[-250:250];jLS1=[-250:300];jLS2=[-250:300];jLS=[-250:300];
isStrict=0;
